%YAML:1.0
---
CameraExtrinsicMat: !!opencv-matrix
   rows: 4
   cols: 4
   dt: d
   data: [ 1672.463501, 0.000000, 698.692115, 0.000000, 0.000000, 1772.793091, 335.839318, 0.000000, 0.000000, 0.000000, 1.000000, 0.000000 ]
CameraMat: !!opencv-matrix
   rows: 3
   cols: 3
   dt: d
   data: [1814.847974, 0.000000, 694.771228, 0.000000, 1816.877479, 336.447287, 0.000000, 0.000000, 1.000000]
DistCoeff: !!opencv-matrix
   rows: 5
   cols: 1
   dt: d
   data: [-0.600413, 0.449119, 0.002375, -0.005977, 0.000000]
ImageSize: [1280, 720]
Reprojection Error: 0.0
DistModel: plumb_bob
Height: 1.25
Theta: 0.015
