image_width: 640
image_height: 480
camera_name: narrow_stereo
camera_matrix:
  rows: 3
  cols: 3
  data: [927.452039, 0.000000, 324.416113, 0.000000, 928.041926, 209.079396, 0.000000, 0.000000, 1.000000]
distortion_model: plumb_bob
distortion_coefficients:
  rows: 1
  cols: 5
  data: [-0.047066, 0.046950, 0.000079, 0.002113, 0.000000]
rectification_matrix:
  rows: 3
  cols: 3
  data: [1.000000, 0.000000, 0.000000, 0.000000, 1.000000, 0.000000, 0.000000, 0.000000, 1.000000]
projection_matrix:
  rows: 3
  cols: 4
  data: [922.731445, 0.000000, 325.169851, 0.000000, 0.000000, 925.272888, 208.929396, 0.000000, 0.000000, 0.000000, 1.000000, 0.000000]
