%YAML:1.0
---
CameraExtrinsicMat: !!opencv-matrix
   rows: 4
   cols: 4
   dt: d
   data: [ 1., 0., 0., 0., 0., 1., 0., 0., 0., 0., 1., 0., 0., 0., 0.,
       1. ]
CameraMat: !!opencv-matrix
   rows: 3
   cols: 3
   dt: d
   data: [927.452039, 0.000000, 324.416113, 0.000000, 928.041926, 209.079396, 0.000000, 0.000000, 1.000000]
DistCoeff: !!opencv-matrix
   rows: 5
   cols: 1
   dt: d
   data: [-0.047066, 0.046950, 0.000079, 0.002113, 0.000000]
ImageSize: [640, 480]
Reprojection Error: 0.0
DistModel: plumb_bob
Height: 1.75
Theta: 4
